1.826077887592592742e+04 2.529999999999999805e+00
1.825219304189814648e+04 1.709999999999999964e+00
1.825210891493055533e+04 1.850000000000000089e+00
1.823369996192129838e+04 2.040000000000000036e+00
1.822796959386574235e+04 1.889999999999999902e+00
1.822767130381944662e+04 2.209999999999999964e+00
1.822700314351851921e+04 1.929999999999999938e+00
1.817066865787037023e+04 1.850000000000000089e+00
1.817063104120370554e+04 2.750000000000000000e+00
1.816381966817129432e+04 2.299999999999999822e+00
1.812786261342592479e+04 2.120000000000000107e+00
1.811538523136574076e+04 1.820000000000000062e+00
1.807306650949074174e+04 2.720000000000000195e+00
1.807166896990740861e+04 2.069999999999999840e+00
1.806757607384259245e+04 2.629999999999999893e+00
1.805750897233796422e+04 2.970000000000000195e+00
1.805422936631944322e+04 1.949999999999999956e+00
1.805386653078703603e+04 1.780000000000000027e+00
1.804775325636574053e+04 1.989999999999999991e+00
1.804772638865740737e+04 1.770000000000000018e+00
1.803513902534722001e+04 2.299999999999999822e+00
1.801276134351851942e+04 1.770000000000000018e+00
1.801187244097222356e+04 2.299999999999999822e+00
1.800454615162036862e+04 2.220000000000000195e+00
1.798260416678240654e+04 2.509999999999999787e+00
1.797517389814814669e+04 1.750000000000000000e+00
1.795114908761574043e+04 1.939999999999999947e+00
1.795026634548611037e+04 2.270000000000000018e+00
1.794709729340277772e+04 2.049999999999999822e+00
1.794676563888888995e+04 1.850000000000000089e+00
1.794648902696759251e+04 2.020000000000000018e+00
1.794568468101851977e+04 1.729999999999999982e+00
1.794160228078703585e+04 2.180000000000000160e+00
1.794098943576388774e+04 2.370000000000000107e+00
1.794031856018518374e+04 3.000000000000000000e+00
1.793986198414351747e+04 1.719999999999999973e+00
1.793985541550926064e+04 1.719999999999999973e+00
1.793985216759259129e+04 2.339999999999999858e+00
1.793578078946759342e+04 1.770000000000000018e+00
1.793056480810185167e+04 2.359999999999999876e+00
1.792808216631944379e+04 2.479999999999999982e+00
1.791960890162036958e+04 1.929999999999999938e+00
1.791750907893518524e+04 1.810000000000000053e+00
1.791630640706018312e+04 1.959999999999999964e+00
1.791365299814814716e+04 1.800000000000000044e+00
1.791354237233796448e+04 1.800000000000000044e+00
1.791193313067129566e+04 1.810000000000000053e+00
1.791183186990740796e+04 2.350000000000000089e+00
1.791050770486111287e+04 2.669999999999999929e+00
1.790912299560185056e+04 2.149999999999999911e+00
1.790901735949073918e+04 2.100000000000000089e+00
1.790814180648147885e+04 1.800000000000000044e+00
1.790792054965277930e+04 2.209999999999999964e+00
1.790787656921296366e+04 2.080000000000000071e+00
1.790239150590277495e+04 1.830000000000000071e+00
1.790231831782407608e+04 2.410000000000000142e+00
1.790001204062499892e+04 1.750000000000000000e+00
1.789954037210648312e+04 2.129999999999999893e+00
1.789925730416666556e+04 1.800000000000000044e+00
1.789914738159722037e+04 3.100000000000000089e+00
1.789910874907407560e+04 2.069999999999999840e+00
1.789711544583333307e+04 1.709999999999999964e+00
1.789590280648148109e+04 2.020000000000000018e+00
1.789573228541666685e+04 1.790000000000000036e+00
1.789505763692129403e+04 2.129999999999999893e+00
1.789353613749999931e+04 2.220000000000000195e+00
1.789351830347222131e+04 1.820000000000000062e+00
1.789327072083333405e+04 1.870000000000000107e+00
1.789094808402777926e+04 2.060000000000000053e+00
1.788592003483796361e+04 1.919999999999999929e+00
1.788591809537037261e+04 2.770000000000000018e+00
1.788588911354166703e+04 1.929999999999999938e+00
1.788588242638888914e+04 1.750000000000000000e+00
1.788584879328703755e+04 1.770000000000000018e+00
1.788584609884259407e+04 3.520000000000000018e+00
1.788558061550926141e+04 2.520000000000000018e+00
1.788547343553240717e+04 2.640000000000000124e+00
1.787713493692129487e+04 1.830000000000000071e+00
1.787701506574074301e+04 1.850000000000000089e+00
1.787686698252314818e+04 1.889999999999999902e+00
1.787501510856481764e+04 1.989999999999999991e+00
1.787427679363426068e+04 2.209999999999999964e+00
1.787392059247685393e+04 1.770000000000000018e+00
1.787272810543981541e+04 1.719999999999999973e+00
1.787234897303240723e+04 2.439999999999999947e+00
1.787190788842592519e+04 2.379999999999999893e+00
1.787160047650463093e+04 2.600000000000000089e+00
1.787125497523148078e+04 2.399999999999999911e+00
1.787125059039351981e+04 2.950000000000000178e+00
1.787120368229166706e+04 1.989999999999999991e+00
1.787014090150463016e+04 1.919999999999999929e+00
1.787006756898148160e+04 1.870000000000000107e+00
1.786992701099536862e+04 1.709999999999999964e+00
1.786992147222222411e+04 3.229999999999999982e+00
1.786990929594907357e+04 2.709999999999999964e+00
1.786894788101852100e+04 3.100000000000000089e+00
1.786346724756944604e+04 1.719999999999999973e+00
1.785552186840277864e+04 1.939999999999999947e+00
1.785438175462962681e+04 2.370000000000000107e+00
1.785272410486111039e+04 1.729999999999999982e+00
1.784711948645833399e+04 1.820000000000000062e+00
1.784711848819444640e+04 2.379999999999999893e+00
1.784704719861111153e+04 1.810000000000000053e+00
1.784499252326388887e+04 2.470000000000000195e+00
1.784464973981481307e+04 2.040000000000000036e+00
1.784463568854166806e+04 1.979999999999999982e+00
1.784462371840277774e+04 3.779999999999999805e+00
1.784461975833333054e+04 2.439999999999999947e+00
1.784461728333333303e+04 2.430000000000000160e+00
1.784461712962963065e+04 2.950000000000000178e+00
1.784461516990740711e+04 3.700000000000000178e+00
1.784461491469907560e+04 2.939999999999999947e+00
1.784460995462962819e+04 1.770000000000000018e+00
1.784230668159722336e+04 1.879999999999999893e+00
1.784196360185185404e+04 1.879999999999999893e+00
1.784187490532407173e+04 2.180000000000000160e+00
1.784117457604166702e+04 1.800000000000000044e+00
1.784113370752314586e+04 1.709999999999999964e+00
1.784045136759259185e+04 2.189999999999999947e+00
1.783783385798611198e+04 1.860000000000000098e+00
1.783571736412036989e+04 2.069999999999999840e+00
1.783571730497685348e+04 2.140000000000000124e+00
1.783548940636574116e+04 1.729999999999999982e+00
1.783360926203703639e+04 2.189999999999999947e+00
1.782539537071759332e+04 1.879999999999999893e+00
1.782496997673611259e+04 2.459999999999999964e+00
1.782438527870370308e+04 2.549999999999999822e+00
1.782296690011574174e+04 1.719999999999999973e+00
1.782214011041666527e+04 1.870000000000000107e+00
1.782167428680555531e+04 1.760000000000000009e+00
1.782058869618055542e+04 1.989999999999999991e+00
1.782028459722222397e+04 1.949999999999999956e+00
1.781887084108796262e+04 2.029999999999999805e+00
1.781829959282407435e+04 1.840000000000000080e+00
1.781825712141203621e+04 1.959999999999999964e+00
1.781799841006944553e+04 3.299999999999999822e+00
1.781456904861110888e+04 1.840000000000000080e+00
1.781430257824074215e+04 1.969999999999999973e+00
1.781346876874999725e+04 2.879999999999999893e+00
1.781018324548611054e+04 2.180000000000000160e+00
1.780436575057870141e+04 2.520000000000000018e+00
1.780330327025462975e+04 1.820000000000000062e+00
1.780226669398148078e+04 2.020000000000000018e+00
1.780194073831018613e+04 2.000000000000000000e+00
1.780189511736111308e+04 2.279999999999999805e+00
1.780184477800925742e+04 1.959999999999999964e+00
1.780156894004629794e+04 2.259999999999999787e+00
1.780066166574074305e+04 2.109999999999999876e+00
1.779977989004629490e+04 2.149999999999999911e+00
1.779972415509259372e+04 1.750000000000000000e+00
1.779970670868055822e+04 2.129999999999999893e+00
1.779961588217592725e+04 1.979999999999999982e+00
1.779950018159722458e+04 2.029999999999999805e+00
1.779937105300926123e+04 2.729999999999999982e+00
1.779835071261573830e+04 2.359999999999999876e+00
1.779686723182870264e+04 2.359999999999999876e+00
1.779685675034722226e+04 1.939999999999999947e+00
1.779064518680555557e+04 1.949999999999999956e+00
1.778818122418981511e+04 2.060000000000000053e+00
1.778685584953703801e+04 2.529999999999999805e+00
1.778509595428240937e+04 1.739999999999999991e+00
1.778273551944444625e+04 2.089999999999999858e+00
1.778156363368055463e+04 1.919999999999999929e+00
1.778145232951388971e+04 2.600000000000000089e+00
1.778145176331018229e+04 2.439999999999999947e+00
1.778145151678240654e+04 1.709999999999999964e+00
1.778145105659722321e+04 2.430000000000000160e+00
1.778145092175926038e+04 2.229999999999999982e+00
1.778145076145833445e+04 1.919999999999999929e+00
1.778144862025462862e+04 1.909999999999999920e+00
1.778144854085648331e+04 2.160000000000000142e+00
1.778144836388888871e+04 3.209999999999999964e+00
1.778060920300926227e+04 1.979999999999999982e+00
1.778045145497685371e+04 2.600000000000000089e+00
1.778042677662037022e+04 2.879999999999999893e+00
1.778042466284722104e+04 2.089999999999999858e+00
1.778042173923610972e+04 2.350000000000000089e+00
1.778041672372685207e+04 1.989999999999999991e+00
1.778041618032407496e+04 2.910000000000000142e+00
1.777978993391203767e+04 1.750000000000000000e+00
1.777806009722222370e+04 2.109999999999999876e+00
1.777570172847222057e+04 3.129999999999999893e+00
1.777285414826389024e+04 1.760000000000000009e+00
1.777254115636574352e+04 1.739999999999999991e+00
1.777254109085648088e+04 2.049999999999999822e+00
1.777224558993055689e+04 1.719999999999999973e+00
1.777058028182870112e+04 2.200000000000000178e+00
1.777038338437499988e+04 1.889999999999999902e+00
1.776615942696759157e+04 2.479999999999999982e+00
1.776594028506944596e+04 1.949999999999999956e+00
1.776441578796296380e+04 1.939999999999999947e+00
1.776441502025462978e+04 1.719999999999999973e+00
1.776441447800926107e+04 2.370000000000000107e+00
1.776394435358796545e+04 1.879999999999999893e+00
1.776369487615740582e+04 2.040000000000000036e+00
1.776365618981481384e+04 3.129999999999999893e+00
1.776312366747685155e+04 1.729999999999999982e+00
1.776284613888888998e+04 1.719999999999999973e+00
1.776233696597221933e+04 1.969999999999999973e+00
1.776022990810185001e+04 2.680000000000000160e+00
1.775989408564814948e+04 1.840000000000000080e+00
1.775964029803240919e+04 2.029999999999999805e+00
1.775941834618055509e+04 1.780000000000000027e+00
1.775905695393518545e+04 1.770000000000000018e+00
1.775899606782407500e+04 1.919999999999999929e+00
1.775856538773147986e+04 2.890000000000000124e+00
1.775820027557870344e+04 2.220000000000000195e+00
1.775816428229166559e+04 2.339999999999999858e+00
1.775808212303240725e+04 1.899999999999999911e+00
1.775807891053240746e+04 2.850000000000000089e+00
1.775806951944444518e+04 2.109999999999999876e+00
1.775806232013888803e+04 1.879999999999999893e+00
1.775806181678240682e+04 1.979999999999999982e+00
1.775806090844907521e+04 1.739999999999999991e+00
1.775806046273148240e+04 1.739999999999999991e+00
1.775806005335647933e+04 2.209999999999999964e+00
1.775805863784722169e+04 4.410000000000000142e+00
1.775805374062500050e+04 1.919999999999999929e+00
1.775805296516203816e+04 2.029999999999999805e+00
1.775799680914351848e+04 1.989999999999999991e+00
1.775740675069444478e+04 1.760000000000000009e+00
1.775575509351851724e+04 1.929999999999999938e+00
1.775535627812500024e+04 2.290000000000000036e+00
1.775523255208333285e+04 1.810000000000000053e+00
1.775499065543981487e+04 2.810000000000000053e+00
1.775498505717592707e+04 1.750000000000000000e+00
1.775496109814814918e+04 1.800000000000000044e+00
1.775488712037037112e+04 2.330000000000000071e+00
1.774420758287037097e+04 2.240000000000000213e+00
1.774387974976851910e+04 2.069999999999999840e+00
1.774177831493055783e+04 2.790000000000000036e+00
1.773900977037037228e+04 1.770000000000000018e+00
1.773754104224537150e+04 2.229999999999999982e+00
1.773742510879629845e+04 2.399999999999999911e+00
1.773350551886573885e+04 2.910000000000000142e+00
1.772561661759259368e+04 1.810000000000000053e+00
1.772356123842592569e+04 2.040000000000000036e+00
1.771436927662037124e+04 1.899999999999999911e+00
1.771281883449073939e+04 1.850000000000000089e+00
1.770678559212963228e+04 2.490000000000000213e+00
1.770634604062500148e+04 1.810000000000000053e+00
1.770525363958333401e+04 2.240000000000000213e+00
1.769900989131944152e+04 2.600000000000000089e+00
1.769795221863425832e+04 1.989999999999999991e+00
1.769371834675925857e+04 2.520000000000000018e+00
1.769371833287037225e+04 2.290000000000000036e+00
1.769239086273148132e+04 1.780000000000000027e+00
1.769125129803240998e+04 2.160000000000000142e+00
1.769039395694444465e+04 1.810000000000000053e+00
1.768227602696759277e+04 1.919999999999999929e+00
1.767624016030092389e+04 2.129999999999999893e+00
1.767439419374999852e+04 1.929999999999999938e+00
1.767198749826388666e+04 2.189999999999999947e+00
1.767091516458333354e+04 1.810000000000000053e+00
1.767084481979166594e+04 2.290000000000000036e+00
1.767081031365740637e+04 3.450000000000000178e+00
1.767080850034722243e+04 2.970000000000000195e+00
1.766903047187500124e+04 1.739999999999999991e+00
1.766380189837962826e+04 1.760000000000000009e+00
1.766342968969907452e+04 1.719999999999999973e+00
1.766129545555555524e+04 1.790000000000000036e+00
1.766111208761574017e+04 2.009999999999999787e+00
1.765955488333333415e+04 1.959999999999999964e+00
1.765713406724536981e+04 1.729999999999999982e+00
1.765495256168981359e+04 2.379999999999999893e+00
1.765298212523147959e+04 2.680000000000000160e+00
1.764767209097222440e+04 1.959999999999999964e+00
1.764764585324074142e+04 1.810000000000000053e+00
1.764757506921296226e+04 1.760000000000000009e+00
1.764720220844907453e+04 2.450000000000000178e+00
1.764697924722222160e+04 2.930000000000000160e+00
1.764396105277777679e+04 2.899999999999999911e+00
1.764164255914351816e+04 2.290000000000000036e+00
1.764130229224537106e+04 1.879999999999999893e+00
1.764129872349537254e+04 1.879999999999999893e+00
1.764023231608796050e+04 2.290000000000000036e+00
1.763836631608796233e+04 1.750000000000000000e+00
1.763798052511573769e+04 2.680000000000000160e+00
1.763730162662037037e+04 2.330000000000000071e+00
1.763304809143518287e+04 2.109999999999999876e+00
1.763128031122685206e+04 2.359999999999999876e+00
1.763101601886573917e+04 2.259999999999999787e+00
1.763065326388888934e+04 1.780000000000000027e+00
1.762982835625000007e+04 1.929999999999999938e+00
1.762939001666666809e+04 1.899999999999999911e+00
1.762938985914351724e+04 2.390000000000000124e+00
1.762759007928240680e+04 1.729999999999999982e+00
1.762539872881944393e+04 2.009999999999999787e+00
1.762315328020833476e+04 2.379999999999999893e+00
1.762312077164352013e+04 3.370000000000000107e+00
1.761346282430555584e+04 1.800000000000000044e+00
1.760731073379629743e+04 2.149999999999999911e+00
1.760325751111111094e+04 2.049999999999999822e+00
1.760299092638888760e+04 1.899999999999999911e+00
1.760101201018518623e+04 1.919999999999999929e+00
1.759915980740740633e+04 1.919999999999999929e+00
1.759535445011574120e+04 2.169999999999999929e+00
1.759140387465277672e+04 2.189999999999999947e+00
1.758515287453703422e+04 2.000000000000000000e+00
1.758078252314814745e+04 2.129999999999999893e+00
1.758018508969907271e+04 1.939999999999999947e+00
1.757768252997684976e+04 1.929999999999999938e+00
1.757689512800925877e+04 2.209999999999999964e+00
1.757429785717592313e+04 1.889999999999999902e+00
1.757424366238425864e+04 2.450000000000000178e+00
1.757279758530092295e+04 2.709999999999999964e+00
1.757125231354166681e+04 1.709999999999999964e+00
1.756933375092592541e+04 2.609999999999999876e+00
1.756600357476851786e+04 1.879999999999999893e+00
1.756600101875000109e+04 2.399999999999999911e+00
1.756374781064814670e+04 2.959999999999999964e+00
1.756220820474537322e+04 2.370000000000000107e+00
1.755921995266203885e+04 1.729999999999999982e+00
1.755766374456018457e+04 2.120000000000000107e+00
1.755354533194444593e+04 2.350000000000000089e+00
1.755324168125000142e+04 2.299999999999999822e+00
1.754008556666666846e+04 1.919999999999999929e+00
1.753921067511574074e+04 2.200000000000000178e+00
1.753889363935185247e+04 2.089999999999999858e+00
1.753837444363426039e+04 1.840000000000000080e+00
1.753576385300925904e+04 1.750000000000000000e+00
1.753039122060185400e+04 2.359999999999999876e+00
1.752696845995370313e+04 1.790000000000000036e+00
1.752676782731481580e+04 1.979999999999999982e+00
1.752642492442129515e+04 1.770000000000000018e+00
1.752567962870370320e+04 1.719999999999999973e+00
1.752477314803240733e+04 1.790000000000000036e+00
1.752365458611111171e+04 1.750000000000000000e+00
1.752092191921296399e+04 1.739999999999999991e+00
1.751826956539351886e+04 1.830000000000000071e+00
1.751506859374999840e+04 1.709999999999999964e+00
1.751400242280092425e+04 2.069999999999999840e+00
1.751237924189814657e+04 1.870000000000000107e+00
1.751229177476851692e+04 1.770000000000000018e+00
1.750986486261574100e+04 3.479999999999999982e+00
1.750634091400463149e+04 2.100000000000000089e+00
1.750433377534722240e+04 2.000000000000000000e+00
1.750280297094907655e+04 2.080000000000000071e+00
1.750204796435185199e+04 2.189999999999999947e+00
1.749309405891203642e+04 2.620000000000000107e+00
1.749027681851851594e+04 1.919999999999999929e+00
1.748877746967592611e+04 1.889999999999999902e+00
1.748740299930555557e+04 2.109999999999999876e+00
1.748736002673611074e+04 2.169999999999999929e+00
1.748581758020833513e+04 2.089999999999999858e+00
1.748483077789351955e+04 2.060000000000000053e+00
1.748401404571759122e+04 2.390000000000000124e+00
1.748391035393518541e+04 1.979999999999999982e+00
1.747908918587963126e+04 1.860000000000000098e+00
1.747807572141203491e+04 1.800000000000000044e+00
1.747606844791666663e+04 1.790000000000000036e+00
1.747355098159722183e+04 2.000000000000000000e+00
1.746996757268518559e+04 1.820000000000000062e+00
1.746724981319444487e+04 2.200000000000000178e+00
1.746723395034722125e+04 2.410000000000000142e+00
1.746531558969907564e+04 2.060000000000000053e+00
1.746448339236111133e+04 2.509999999999999787e+00
1.746357482812500166e+04 1.770000000000000018e+00
1.746148191527777817e+04 2.200000000000000178e+00
1.746122540613425736e+04 1.750000000000000000e+00
1.746103537858796335e+04 1.840000000000000080e+00
1.746085440960648339e+04 2.470000000000000195e+00
1.746063962430555330e+04 1.909999999999999920e+00
1.746008445555555591e+04 2.149999999999999911e+00
1.745982469166666488e+04 2.640000000000000124e+00
1.745981398090277798e+04 2.569999999999999840e+00
1.745964159502314578e+04 1.760000000000000009e+00
1.745862013900462989e+04 1.929999999999999938e+00
1.745736795671296204e+04 1.860000000000000098e+00
1.745623183923611214e+04 1.870000000000000107e+00
1.745610263460648275e+04 1.719999999999999973e+00
1.745287440763888662e+04 1.810000000000000053e+00
1.745090592662036943e+04 2.129999999999999893e+00
1.744954280069444576e+04 2.500000000000000000e+00
1.744938966481481475e+04 1.840000000000000080e+00
1.744901025254629712e+04 2.569999999999999840e+00
1.744808136944444414e+04 1.810000000000000053e+00
1.744665258599537265e+04 1.870000000000000107e+00
1.744627481875000012e+04 1.889999999999999902e+00
1.744601580844907221e+04 1.810000000000000053e+00
1.744509216238425870e+04 1.889999999999999902e+00
1.744118698668981597e+04 2.310000000000000053e+00
1.743591118495370392e+04 1.810000000000000053e+00
1.743576828553240557e+04 1.820000000000000062e+00
1.743472796967592512e+04 2.109999999999999876e+00
1.743269316655092553e+04 2.680000000000000160e+00
1.743195057777777765e+04 1.879999999999999893e+00
1.742479318807870368e+04 1.719999999999999973e+00
1.742113055486111261e+04 1.889999999999999902e+00
1.742103826631944321e+04 1.780000000000000027e+00
1.741642722106481597e+04 2.629999999999999893e+00
1.741635948252314847e+04 2.080000000000000071e+00
1.741537456365740582e+04 1.870000000000000107e+00
1.740769758888888828e+04 2.540000000000000036e+00
1.740502242037036922e+04 1.889999999999999902e+00
1.740463784872685210e+04 1.889999999999999902e+00
1.739775874131944511e+04 1.770000000000000018e+00
1.739448001423611277e+04 1.750000000000000000e+00
1.739116846238425933e+04 2.009999999999999787e+00
1.739018396249999932e+04 1.770000000000000018e+00
1.738515864664351830e+04 1.989999999999999991e+00
1.738494930671296243e+04 1.820000000000000062e+00
1.738027564606481246e+04 1.709999999999999964e+00
1.737501291782407134e+04 1.709999999999999964e+00
1.737475121990740809e+04 1.919999999999999929e+00
1.737367874328703692e+04 1.889999999999999902e+00
1.737350917997685247e+04 2.700000000000000178e+00
1.737327745706018322e+04 1.750000000000000000e+00
1.737327666168981523e+04 2.870000000000000107e+00
1.736988507974537060e+04 1.790000000000000036e+00
1.736095571030092469e+04 2.169999999999999929e+00
1.735925855451388634e+04 2.029999999999999805e+00
1.734139009861111117e+04 1.929999999999999938e+00
1.733771039108796322e+04 1.739999999999999991e+00
1.732552944953703627e+04 2.290000000000000036e+00
1.732548959386574279e+04 1.969999999999999973e+00
1.732536550671296209e+04 1.979999999999999982e+00
1.731541299722222175e+04 2.540000000000000036e+00
1.730397467800926097e+04 2.089999999999999858e+00
1.730397412731481381e+04 2.100000000000000089e+00
1.730220128356481655e+04 2.209999999999999964e+00
1.729577383310185178e+04 2.259999999999999787e+00
1.729568206250000003e+04 2.450000000000000178e+00
1.729185038912036907e+04 1.919999999999999929e+00
1.728966178854166719e+04 1.810000000000000053e+00
1.728965804733796176e+04 2.609999999999999876e+00
1.728965619907407381e+04 3.370000000000000107e+00
1.728912153310185386e+04 2.080000000000000071e+00
1.728798107638888905e+04 2.450000000000000178e+00
1.727786734328703824e+04 1.760000000000000009e+00
1.727778567986111011e+04 2.120000000000000107e+00
1.727766198692129547e+04 1.840000000000000080e+00
1.725486318402777761e+04 1.879999999999999893e+00
1.725029998969907319e+04 1.719999999999999973e+00
1.722881292337962805e+04 1.909999999999999920e+00
1.722878769363425818e+04 2.620000000000000107e+00
1.722728806388888916e+04 2.140000000000000124e+00
1.722302861354166816e+04 1.879999999999999893e+00
1.721676619571759147e+04 1.860000000000000098e+00
1.717210171516203627e+04 1.870000000000000107e+00
1.716909796006944453e+04 1.800000000000000044e+00
1.716900862581018373e+04 1.919999999999999929e+00
1.716502448599537092e+04 1.830000000000000071e+00
1.713132270266203705e+04 2.160000000000000142e+00
1.713132255000000077e+04 2.270000000000000018e+00
1.711896290555555606e+04 2.069999999999999840e+00
1.709977830405092755e+04 1.719999999999999973e+00
1.709451019120370256e+04 1.750000000000000000e+00
1.709424469560185389e+04 1.770000000000000018e+00
1.707078471655092653e+04 1.979999999999999982e+00
1.704608185520833285e+04 2.430000000000000160e+00
1.703259381990740803e+04 1.719999999999999973e+00
1.701393710312500116e+04 1.909999999999999920e+00
1.696698216736111135e+04 2.689999999999999947e+00
1.696698086759259240e+04 1.989999999999999991e+00
1.693768732048611128e+04 2.290000000000000036e+00
1.693187348113425833e+04 1.820000000000000062e+00
1.691033198194444412e+04 2.330000000000000071e+00
1.689750612685185115e+04 2.140000000000000124e+00
1.687758808738425796e+04 1.770000000000000018e+00
1.683025162638889014e+04 1.729999999999999982e+00
