7.359462975340278354e+05 2.229999999999999982e+00
7.359234711630786769e+05 1.770000000000000018e+00
7.358938067041666945e+05 2.589999999999999858e+00
7.357605364240740892e+05 2.189999999999999947e+00
7.356964508043981623e+05 2.350000000000000089e+00
7.354953598336805589e+05 2.490000000000000213e+00
7.354943640442129690e+05 2.279999999999999805e+00
7.354734200957175344e+05 2.250000000000000000e+00
7.354676065462962724e+05 1.820000000000000062e+00
7.353478343516204040e+05 2.129999999999999893e+00
7.353438908270833781e+05 1.729999999999999982e+00
7.353418466247685719e+05 2.529999999999999805e+00
7.352060347753472161e+05 1.709999999999999964e+00
7.351107733858795837e+05 1.810000000000000053e+00
7.351056272722221911e+05 1.709999999999999964e+00
7.347880796996527351e+05 2.040000000000000036e+00
7.347721443297453225e+05 2.149999999999999911e+00
7.347290404333333718e+05 2.180000000000000160e+00
7.346519627750000218e+05 1.739999999999999991e+00
7.345964368415509816e+05 1.719999999999999973e+00
7.345614017208333826e+05 2.549999999999999822e+00
7.344712956312500173e+05 1.729999999999999982e+00
7.342786020424768794e+05 1.750000000000000000e+00
7.338370923684027512e+05 1.939999999999999947e+00
7.337693471986111253e+05 1.860000000000000098e+00
7.337575585802083369e+05 1.760000000000000009e+00
7.337135977262731176e+05 2.149999999999999911e+00
7.336607486842592480e+05 1.800000000000000044e+00
7.336586664842593018e+05 1.870000000000000107e+00
7.336224464129629778e+05 2.839999999999999858e+00
7.334577867127314676e+05 1.750000000000000000e+00
7.333971196028934792e+05 1.760000000000000009e+00
7.333650098295138450e+05 1.770000000000000018e+00
7.332675931505786721e+05 1.800000000000000044e+00
7.329483344327546656e+05 1.830000000000000071e+00
7.324111970303240232e+05 1.790000000000000036e+00
7.324111958202546230e+05 1.729999999999999982e+00
7.322532028728008736e+05 1.790000000000000036e+00
7.320183385549768573e+05 1.889999999999999902e+00
7.319656422856481513e+05 1.820000000000000062e+00
7.319574324775462737e+05 2.089999999999999858e+00
7.318601463886573911e+05 1.989999999999999991e+00
7.316959167089120019e+05 2.029999999999999805e+00
7.316568384674768895e+05 1.870000000000000107e+00
7.313326543162036687e+05 1.919999999999999929e+00
7.312447792184028076e+05 1.909999999999999920e+00
7.312430738089120714e+05 1.719999999999999973e+00
7.311108232636573957e+05 1.750000000000000000e+00
7.311107132106481586e+05 2.750000000000000000e+00
7.311106250598379411e+05 3.729999999999999982e+00
7.309626680586806033e+05 1.870000000000000107e+00
7.307405487701388774e+05 1.739999999999999991e+00
7.306861602062500315e+05 2.290000000000000036e+00
7.306776704212962650e+05 1.739999999999999991e+00
7.306600726531250402e+05 1.909999999999999920e+00
7.306441712202546187e+05 1.739999999999999991e+00
7.305698825324074132e+05 1.729999999999999982e+00
7.304470315182870254e+05 2.830000000000000071e+00
7.303967083628472174e+05 1.709999999999999964e+00
7.303126852706018835e+05 1.800000000000000044e+00
7.302817823824074585e+05 1.889999999999999902e+00
7.301900521966435481e+05 1.949999999999999956e+00
7.301888016804398503e+05 2.439999999999999947e+00
