1.742878175671296412e+04 3.649999999999999911e+00
1.742877376180555439e+04 3.189999999999999947e+00
1.732535463055555374e+04 3.250000000000000000e+00
1.707354131631944620e+04 3.040000000000000036e+00
1.706907040335647980e+04 3.370000000000000107e+00
1.703398932777777736e+04 3.080000000000000071e+00
1.660077421620370296e+04 3.629999999999999893e+00
1.659125783263889025e+04 3.310000000000000053e+00
1.658855589305555623e+04 3.459999999999999964e+00
1.658806332812500114e+04 3.509999999999999787e+00
1.643400836469907517e+04 3.470000000000000195e+00
1.641154103935185049e+04 3.089999999999999858e+00
1.634948289178240702e+04 3.680000000000000160e+00
1.615599367060185250e+04 3.149999999999999911e+00
1.613674897615740701e+04 3.129999999999999893e+00
1.613395211886573998e+04 3.009999999999999787e+00
1.613395107395833293e+04 3.779999999999999805e+00
1.613394647685185009e+04 3.290000000000000036e+00
1.595895137499999873e+04 3.160000000000000142e+00
1.592931429351851875e+04 3.750000000000000000e+00
1.561805372407407413e+04 3.470000000000000195e+00
1.558106568796296415e+04 3.270000000000000018e+00
1.556558597141203791e+04 3.540000000000000036e+00
1.534528484050925908e+04 3.250000000000000000e+00
1.527965165312499994e+04 4.099999999999999645e+00
1.515077512627314900e+04 3.270000000000000018e+00
1.509078849594907297e+04 3.240000000000000213e+00
1.509067828784722224e+04 3.189999999999999947e+00
1.504366417604166600e+04 3.149999999999999911e+00
1.494487056689814926e+04 3.029999999999999805e+00
1.494487025983796411e+04 3.279999999999999805e+00
1.493816754224537181e+04 3.740000000000000213e+00
1.489493349282407326e+04 3.060000000000000053e+00
1.486866314421296374e+04 3.879999999999999893e+00
1.474348283668981458e+04 3.470000000000000195e+00
1.473517833773148232e+04 3.709999999999999964e+00
1.462456911331018637e+04 3.399999999999999911e+00
1.462443748414352012e+04 3.609999999999999876e+00
1.462439466388889014e+04 3.529999999999999805e+00
1.462434962199073925e+04 4.410000000000000142e+00
1.461384127071759212e+04 3.120000000000000107e+00
1.461383888807870426e+04 3.390000000000000124e+00
1.460983174699074152e+04 3.189999999999999947e+00
1.460848932928240720e+04 3.640000000000000124e+00
1.458004161527777796e+04 3.069999999999999840e+00
1.456488993784722334e+04 4.599999999999999645e+00
1.454563318402777622e+04 3.029999999999999805e+00
1.448329750821759262e+04 3.589999999999999858e+00
1.447767289467592491e+04 3.029999999999999805e+00
1.443909905347222229e+04 3.770000000000000018e+00
1.432886257696759458e+04 3.129999999999999893e+00
1.431678977164351818e+04 3.209999999999999964e+00
1.429551336412037199e+04 3.680000000000000160e+00
1.428358162881944554e+04 3.069999999999999840e+00
1.426875602488425830e+04 3.120000000000000107e+00
1.425686187893518400e+04 3.399999999999999911e+00
1.422904384398148068e+04 3.120000000000000107e+00
1.422773688414351818e+04 3.240000000000000213e+00
1.422747718819444344e+04 3.370000000000000107e+00
1.422747451261574133e+04 3.169999999999999929e+00
1.422672037210648341e+04 3.319999999999999840e+00
1.422671998229166638e+04 4.009999999999999787e+00
1.422084259259259306e+04 3.279999999999999805e+00
1.421570705740740777e+04 3.060000000000000053e+00
1.421570357777777645e+04 4.030000000000000249e+00
1.421569536423611135e+04 3.689999999999999947e+00
1.421551915624999856e+04 3.379999999999999893e+00
1.421547481597222031e+04 3.799999999999999822e+00
1.421542994155092674e+04 3.020000000000000018e+00
1.421394318958333315e+04 3.120000000000000107e+00
1.421354383425925880e+04 4.040000000000000036e+00
1.421288482719907370e+04 4.030000000000000249e+00
1.420817472488426029e+04 3.859999999999999876e+00
1.411382802523148348e+04 3.000000000000000000e+00
1.400087046585648204e+04 3.129999999999999893e+00
1.397606043194444283e+04 3.589999999999999858e+00
1.392549763877314763e+04 3.580000000000000071e+00
1.381051584224536964e+04 4.339999999999999858e+00
1.369596985335648060e+04 3.100000000000000089e+00
1.360238166469907264e+04 4.110000000000000320e+00
1.359944496678240830e+04 3.229999999999999982e+00
1.343245513958333322e+04 3.200000000000000178e+00
1.323606693298611026e+04 4.110000000000000320e+00
1.322778289537037199e+04 3.430000000000000160e+00
1.322161872615740867e+04 3.149999999999999911e+00
1.241837527523148128e+04 3.200000000000000178e+00
1.239361802997685118e+04 3.180000000000000160e+00
1.239026102349536995e+04 3.729999999999999982e+00
1.200087952835648139e+04 3.060000000000000053e+00
1.195875899872685113e+04 3.720000000000000195e+00
1.195875798287037105e+04 3.990000000000000213e+00
1.195844082361111032e+04 4.129999999999999893e+00
1.166971997060185276e+04 3.049999999999999822e+00
1.153512865324074119e+04 3.620000000000000107e+00
1.153438086446759371e+04 3.259999999999999787e+00
1.152757173125000008e+04 3.290000000000000036e+00
1.152737142152777778e+04 3.250000000000000000e+00
1.152687693518518608e+04 3.700000000000000178e+00
1.152492154803240737e+04 3.089999999999999858e+00
1.152446916539351878e+04 3.399999999999999911e+00
1.152361128715277846e+04 3.129999999999999893e+00
1.152353689270833274e+04 4.429999999999999716e+00
1.152324519722222249e+04 3.450000000000000178e+00
1.152304445173611020e+04 3.459999999999999964e+00
1.152279693356481403e+04 3.149999999999999911e+00
1.152262579050925888e+04 3.250000000000000000e+00
1.152245584247685110e+04 3.479999999999999982e+00
1.152072984201388863e+04 3.270000000000000018e+00
1.152062505081018571e+04 3.000000000000000000e+00
1.152062488796296384e+04 3.680000000000000160e+00
1.152054165706018466e+04 4.929999999999999716e+00
1.152053925266203623e+04 3.689999999999999947e+00
1.152052544270833278e+04 3.160000000000000142e+00
1.152051805081018574e+04 3.100000000000000089e+00
1.152051662407407457e+04 3.000000000000000000e+00
1.152051560902777783e+04 3.750000000000000000e+00
1.152051550729166775e+04 3.790000000000000036e+00
1.152051471469907483e+04 3.000000000000000000e+00
1.152051143206018605e+04 3.060000000000000053e+00
1.152050516319444432e+04 5.169999999999999929e+00
1.151966484525462874e+04 3.180000000000000160e+00
1.151966475555555553e+04 3.180000000000000160e+00
1.151966352233796351e+04 3.500000000000000000e+00
1.151954521296296298e+04 3.020000000000000018e+00
1.151774704999999994e+04 3.359999999999999876e+00
1.151773112731481524e+04 3.910000000000000142e+00
1.151772962465277851e+04 3.799999999999999822e+00
1.151772950115740787e+04 3.600000000000000089e+00
1.148318301886574045e+04 3.009999999999999787e+00
1.143583324699074001e+04 3.299999999999999822e+00
1.143569735474537083e+04 3.229999999999999982e+00
1.143569014976851940e+04 3.509999999999999787e+00
1.142005936157407450e+04 3.750000000000000000e+00
1.123311392349536982e+04 3.540000000000000036e+00
1.119916167569444406e+04 3.410000000000000142e+00
1.111634672662036974e+04 3.060000000000000053e+00
1.110414970335648104e+04 4.049999999999999822e+00
1.106389782986111095e+04 3.109999999999999876e+00
1.104606348344907383e+04 3.089999999999999858e+00
1.104605354131944478e+04 3.009999999999999787e+00
1.104489652303240837e+04 3.299999999999999822e+00
1.104478500590277690e+04 3.069999999999999840e+00
1.104464087696759270e+04 3.200000000000000178e+00
1.104463769895833320e+04 3.459999999999999964e+00
1.104463629409722125e+04 4.240000000000000213e+00
