1.809194312245370384e+04 3.399999999999999911e+00
1.809185910462963147e+04 3.140000000000000124e+00
1.809158353287036880e+04 3.049999999999999822e+00
1.809151879490740976e+04 3.100000000000000089e+00
1.809125462129629523e+04 3.359999999999999876e+00
1.809125228333333143e+04 3.399999999999999911e+00
1.809122667013888713e+04 3.089999999999999858e+00
1.809096083159722184e+04 3.240000000000000213e+00
1.809095741296296183e+04 3.490000000000000213e+00
1.809092028240740910e+04 3.080000000000000071e+00
1.809079601284722230e+04 3.339999999999999858e+00
1.809062118553240725e+04 3.200000000000000178e+00
1.809060742523147928e+04 3.169999999999999929e+00
1.809053085428240593e+04 3.080000000000000071e+00
1.809048982615740897e+04 3.160000000000000142e+00
1.809043424803240850e+04 3.830000000000000071e+00
1.809005338518518693e+04 3.279999999999999805e+00
1.808997475497685082e+04 3.180000000000000160e+00
1.808955025486111117e+04 3.220000000000000195e+00
1.808955013807870273e+04 3.490000000000000213e+00
1.808954974525462967e+04 4.900000000000000355e+00
1.808933058993055602e+04 3.029999999999999805e+00
1.808914742384259443e+04 3.209999999999999964e+00
1.808914437141203598e+04 3.939999999999999947e+00
1.808914332766203734e+04 3.049999999999999822e+00
1.808900563298611087e+04 3.209999999999999964e+00
1.808899481736111193e+04 3.640000000000000124e+00
1.808899385393518605e+04 3.459999999999999964e+00
1.808898979953703747e+04 4.139999999999999680e+00
1.808872990810185001e+04 3.100000000000000089e+00
1.808869523726851912e+04 3.529999999999999805e+00
1.808855085081018478e+04 3.109999999999999876e+00
1.808851437824073946e+04 3.520000000000000018e+00
1.808848352546296155e+04 3.529999999999999805e+00
1.808845816921296137e+04 3.669999999999999929e+00
1.808836669374999838e+04 3.439999999999999947e+00
1.808833051458333284e+04 3.370000000000000107e+00
1.808821095069444709e+04 3.549999999999999822e+00
1.808819827557870303e+04 3.569999999999999840e+00
1.808810789872685200e+04 3.509999999999999787e+00
1.808805683773148121e+04 3.160000000000000142e+00
1.808802481851851917e+04 3.009999999999999787e+00
1.808799929629629696e+04 3.620000000000000107e+00
1.808799216747685205e+04 3.290000000000000036e+00
1.808798314270833362e+04 3.009999999999999787e+00
1.808790345393518510e+04 3.089999999999999858e+00
1.808784018460648076e+04 4.169999999999999929e+00
1.808766780335648218e+04 3.490000000000000213e+00
1.808763153472222257e+04 3.209999999999999964e+00
1.808762643854166527e+04 3.560000000000000053e+00
1.808762634421296389e+04 3.330000000000000071e+00
1.808756871944444356e+04 3.259999999999999787e+00
1.808755774525463130e+04 3.430000000000000160e+00
1.808754327187500166e+04 3.200000000000000178e+00
1.808750005891203546e+04 3.810000000000000053e+00
1.808745700196759208e+04 3.450000000000000178e+00
1.808741968564814670e+04 3.160000000000000142e+00
1.808739731817129723e+04 3.250000000000000000e+00
1.808730744189814868e+04 3.080000000000000071e+00
1.808717652499999895e+04 3.060000000000000053e+00
1.808715480208333611e+04 3.609999999999999876e+00
1.808707155821759443e+04 3.959999999999999964e+00
1.808691168182870388e+04 3.279999999999999805e+00
1.808682627951388713e+04 3.109999999999999876e+00
1.808677612662037063e+04 3.430000000000000160e+00
1.808671630393518717e+04 3.549999999999999822e+00
1.808669934166666644e+04 3.330000000000000071e+00
1.808665330497685136e+04 3.490000000000000213e+00
1.808656166736111118e+04 3.419999999999999929e+00
1.808654064733796258e+04 3.029999999999999805e+00
1.808654052870370288e+04 3.470000000000000195e+00
1.808644550787037224e+04 3.109999999999999876e+00
1.808643185613425885e+04 3.540000000000000036e+00
1.808639064814814992e+04 3.140000000000000124e+00
1.808638281712962998e+04 3.209999999999999964e+00
1.808634984861111298e+04 3.209999999999999964e+00
1.808634550428240618e+04 3.580000000000000071e+00
1.808629463275463058e+04 3.100000000000000089e+00
1.808626679270833483e+04 3.060000000000000053e+00
1.808616868078703556e+04 3.560000000000000053e+00
1.808603993854166765e+04 3.060000000000000053e+00
1.808600001157407314e+04 3.220000000000000195e+00
1.808597478668981421e+04 3.310000000000000053e+00
1.808592973680555588e+04 3.149999999999999911e+00
1.808575717256944336e+04 3.229999999999999982e+00
1.808575271562499984e+04 3.020000000000000018e+00
1.808574568483796247e+04 3.810000000000000053e+00
1.808574307256944303e+04 3.520000000000000018e+00
1.808568829479166743e+04 3.029999999999999805e+00
1.808567358310185227e+04 3.479999999999999982e+00
1.808566977175925786e+04 3.830000000000000071e+00
1.808560487708333312e+04 3.259999999999999787e+00
1.808558216643518608e+04 3.149999999999999911e+00
1.808552960844907648e+04 3.100000000000000089e+00
1.808551491331018406e+04 3.180000000000000160e+00
1.808551039224537089e+04 3.470000000000000195e+00
1.808547456701388728e+04 3.160000000000000142e+00
1.808541471030092725e+04 3.500000000000000000e+00
1.808530456689814673e+04 3.560000000000000053e+00
1.808528144189814702e+04 3.100000000000000089e+00
1.808526259895833209e+04 3.149999999999999911e+00
1.808524589224536976e+04 3.490000000000000213e+00
1.808522519456018563e+04 3.299999999999999822e+00
1.808521878159722110e+04 3.220000000000000195e+00
1.808520984270833287e+04 3.020000000000000018e+00
1.808516884074073823e+04 3.149999999999999911e+00
1.808513364108796304e+04 3.069999999999999840e+00
1.808506745266203870e+04 3.500000000000000000e+00
1.808500932650463074e+04 3.120000000000000107e+00
1.808498987905092508e+04 3.399999999999999911e+00
1.808498955497685165e+04 3.450000000000000178e+00
1.808498399236111072e+04 3.930000000000000160e+00
1.808496000567129522e+04 3.129999999999999893e+00
1.808495338935184918e+04 3.379999999999999893e+00
1.808493983090277834e+04 3.520000000000000018e+00
1.808488575995370411e+04 3.790000000000000036e+00
1.808487698761574211e+04 3.470000000000000195e+00
1.808486575335648013e+04 3.129999999999999893e+00
1.808482542627314615e+04 3.029999999999999805e+00
1.808481747881944466e+04 3.140000000000000124e+00
1.808479226041666698e+04 3.350000000000000089e+00
1.808478474872685183e+04 3.589999999999999858e+00
1.808476342523148196e+04 3.100000000000000089e+00
1.808475414074074070e+04 3.069999999999999840e+00
1.808467222951388976e+04 3.049999999999999822e+00
1.808465920231481505e+04 3.149999999999999911e+00
1.808465846909722313e+04 3.560000000000000053e+00
1.808461574733796078e+04 3.600000000000000089e+00
1.808460299513888822e+04 3.040000000000000036e+00
1.808459832164351974e+04 3.330000000000000071e+00
1.808455824432870213e+04 3.189999999999999947e+00
1.808452764502314676e+04 3.439999999999999947e+00
1.808448685405092692e+04 3.200000000000000178e+00
1.808448183124999923e+04 3.490000000000000213e+00
1.808447379907407594e+04 4.150000000000000355e+00
1.808444289027777631e+04 3.240000000000000213e+00
1.808443952129629906e+04 3.390000000000000124e+00
1.808443156504629587e+04 3.479999999999999982e+00
1.808442098356481438e+04 3.470000000000000195e+00
1.808441837488425881e+04 3.319999999999999840e+00
1.808440373842592453e+04 3.450000000000000178e+00
1.808438196423611225e+04 3.500000000000000000e+00
1.808438153969907216e+04 3.109999999999999876e+00
1.808437268668981778e+04 3.379999999999999893e+00
1.808437104895833545e+04 3.100000000000000089e+00
1.808436004050925840e+04 3.330000000000000071e+00
1.808431327002314720e+04 3.109999999999999876e+00
1.808430585787036762e+04 3.450000000000000178e+00
1.808430502754629924e+04 3.370000000000000107e+00
1.808430072523148192e+04 3.169999999999999929e+00
1.808429836620370406e+04 3.600000000000000089e+00
1.808428990601851910e+04 3.430000000000000160e+00
1.808425493587963138e+04 3.500000000000000000e+00
1.808423490138888883e+04 4.530000000000000249e+00
1.808420591770833198e+04 3.049999999999999822e+00
1.808418538842592534e+04 3.319999999999999840e+00
1.808416037013888854e+04 3.109999999999999876e+00
1.808414128078703652e+04 3.299999999999999822e+00
1.808413417199073956e+04 3.620000000000000107e+00
1.808412450868055384e+04 3.370000000000000107e+00
1.808409515868055678e+04 3.640000000000000124e+00
1.808409084282407275e+04 3.479999999999999982e+00
1.808408755439814922e+04 3.600000000000000089e+00
1.808406310729166580e+04 3.290000000000000036e+00
1.808405828229166582e+04 3.270000000000000018e+00
1.808404522141203779e+04 3.549999999999999822e+00
1.808403739826388846e+04 3.080000000000000071e+00
1.808402907546296046e+04 3.470000000000000195e+00
1.808399762222222125e+04 3.479999999999999982e+00
1.808399354155092442e+04 4.500000000000000000e+00
1.808398510254629582e+04 3.310000000000000053e+00
1.808398205810185027e+04 3.450000000000000178e+00
1.808397664687499855e+04 3.290000000000000036e+00
1.808397331215277882e+04 3.709999999999999964e+00
1.808395249895833331e+04 3.160000000000000142e+00
1.808391955532407155e+04 3.029999999999999805e+00
1.808390376562500023e+04 3.240000000000000213e+00
1.808389492962963050e+04 3.020000000000000018e+00
1.808388541423611241e+04 3.169999999999999929e+00
1.808388037939814603e+04 3.189999999999999947e+00
1.808387875682870435e+04 3.509999999999999787e+00
1.808386216145833168e+04 3.509999999999999787e+00
1.808384900497685157e+04 3.069999999999999840e+00
1.808382951157407297e+04 3.229999999999999982e+00
1.808382574687499800e+04 3.450000000000000178e+00
1.808382388599537080e+04 3.299999999999999822e+00
1.808381774490741009e+04 3.069999999999999840e+00
1.808379145300926029e+04 3.080000000000000071e+00
1.808379096342592675e+04 3.100000000000000089e+00
1.808378934178240888e+04 3.330000000000000071e+00
1.808378318750000108e+04 3.370000000000000107e+00
1.808378224583333213e+04 3.870000000000000107e+00
1.808377557858796354e+04 3.720000000000000195e+00
1.808377129351851909e+04 3.319999999999999840e+00
1.808376607280092503e+04 3.109999999999999876e+00
1.808375921423610998e+04 3.330000000000000071e+00
1.808374947673610950e+04 3.959999999999999964e+00
1.808373718969907350e+04 3.979999999999999982e+00
1.808373011770833546e+04 3.000000000000000000e+00
1.808372108148148254e+04 3.140000000000000124e+00
1.808371825613425972e+04 3.069999999999999840e+00
1.808371460011574163e+04 3.319999999999999840e+00
1.808369589270833603e+04 3.509999999999999787e+00
1.808369307083333115e+04 3.370000000000000107e+00
1.808369173402777596e+04 4.139999999999999680e+00
1.808368878148148360e+04 3.049999999999999822e+00
1.808367529131944684e+04 3.180000000000000160e+00
1.808367182372685056e+04 3.490000000000000213e+00
1.808366745613425883e+04 3.410000000000000142e+00
1.808366631122685067e+04 3.549999999999999822e+00
1.808364772789351991e+04 3.180000000000000160e+00
1.808364641087963173e+04 3.310000000000000053e+00
1.808364130208333154e+04 3.259999999999999787e+00
1.808364058645833575e+04 3.379999999999999893e+00
1.808363335011574236e+04 3.080000000000000071e+00
1.808363252094907511e+04 3.189999999999999947e+00
1.808363142627314664e+04 3.279999999999999805e+00
1.808362993020833528e+04 3.279999999999999805e+00
1.808360660312500113e+04 3.140000000000000124e+00
1.808360425439814571e+04 3.160000000000000142e+00
1.808358045243055312e+04 3.540000000000000036e+00
1.808357210254629899e+04 3.370000000000000107e+00
1.808357174467592631e+04 3.640000000000000124e+00
1.808357063344907510e+04 3.169999999999999929e+00
1.808356697685185281e+04 3.359999999999999876e+00
1.808356581377314797e+04 3.169999999999999929e+00
1.808356457754629810e+04 3.649999999999999911e+00
1.808355344594907365e+04 3.069999999999999840e+00
1.808354668796296028e+04 3.299999999999999822e+00
1.808354647291666697e+04 4.500000000000000000e+00
1.808353848148148245e+04 3.069999999999999840e+00
1.808353448043981189e+04 3.120000000000000107e+00
1.808353382962963224e+04 3.089999999999999858e+00
1.808352833703703800e+04 3.240000000000000213e+00
1.808352830740740683e+04 3.240000000000000213e+00
1.808352535069444275e+04 3.040000000000000036e+00
1.808352036817129556e+04 3.399999999999999911e+00
1.808351457233796100e+04 3.490000000000000213e+00
1.808350874791666502e+04 3.029999999999999805e+00
1.808350371863425971e+04 3.339999999999999858e+00
1.808350348113425935e+04 3.569999999999999840e+00
1.808349645868055450e+04 3.209999999999999964e+00
1.808349523252314611e+04 4.120000000000000107e+00
1.808349384502314933e+04 3.069999999999999840e+00
1.808349384467592608e+04 3.220000000000000195e+00
1.808348971574074312e+04 3.410000000000000142e+00
1.808347997604166812e+04 3.169999999999999929e+00
1.808346898969907488e+04 3.680000000000000160e+00
1.808346646076388788e+04 3.000000000000000000e+00
1.808346300173610871e+04 3.839999999999999858e+00
1.808345792025463015e+04 3.189999999999999947e+00
1.808345192731481438e+04 3.470000000000000195e+00
1.808345125729166830e+04 3.279999999999999805e+00
1.808345041041666627e+04 3.240000000000000213e+00
1.808345028310185080e+04 4.040000000000000036e+00
1.808344551388889158e+04 3.089999999999999858e+00
1.808344544305555610e+04 3.069999999999999840e+00
1.808344473032407404e+04 3.450000000000000178e+00
1.808344268009259031e+04 3.819999999999999840e+00
1.808344246712962922e+04 3.089999999999999858e+00
1.808344118125000023e+04 3.359999999999999876e+00
1.808343870289351980e+04 3.509999999999999787e+00
1.808343660914351858e+04 3.080000000000000071e+00
1.808343610486110992e+04 3.160000000000000142e+00
1.808343430451388849e+04 3.120000000000000107e+00
1.808343410937500084e+04 3.299999999999999822e+00
1.808342312627314823e+04 3.520000000000000018e+00
1.808342253275463008e+04 3.040000000000000036e+00
1.808342225150462764e+04 3.259999999999999787e+00
1.808342051631944196e+04 3.410000000000000142e+00
1.808342037210648414e+04 3.000000000000000000e+00
1.808341848402777759e+04 3.180000000000000160e+00
1.808341833749999932e+04 3.040000000000000036e+00
1.808341667071759002e+04 3.479999999999999982e+00
1.808341662303240810e+04 3.209999999999999964e+00
1.808341628009259148e+04 3.750000000000000000e+00
1.808341517928240864e+04 3.069999999999999840e+00
1.808341498796296219e+04 3.080000000000000071e+00
1.808341022245370550e+04 3.060000000000000053e+00
1.808340941307870162e+04 3.220000000000000195e+00
1.808340867835648169e+04 3.390000000000000124e+00
1.808340740659722360e+04 3.390000000000000124e+00
1.808340045555555480e+04 3.149999999999999911e+00
1.808339893321759155e+04 3.509999999999999787e+00
1.808339860810185201e+04 3.600000000000000089e+00
1.808339820613425763e+04 3.200000000000000178e+00
1.808339689895833362e+04 3.080000000000000071e+00
1.808339674768518671e+04 3.319999999999999840e+00
1.808339650023147988e+04 3.450000000000000178e+00
1.808339631064814967e+04 4.490000000000000213e+00
1.808339582754629737e+04 3.470000000000000195e+00
1.808339565381944340e+04 3.390000000000000124e+00
1.808339538159722360e+04 4.410000000000000142e+00
1.808339524652777618e+04 3.379999999999999893e+00
1.808339513460648232e+04 3.479999999999999982e+00
1.808339492812499884e+04 4.240000000000000213e+00
1.808339477986111160e+04 4.889999999999999680e+00
1.808339384791666816e+04 3.509999999999999787e+00
1.808339193368055567e+04 3.589999999999999858e+00
1.808338984942129537e+04 3.169999999999999929e+00
1.808338957476852011e+04 3.060000000000000053e+00
1.808338059282407266e+04 3.439999999999999947e+00
1.808337941817129831e+04 3.370000000000000107e+00
1.808337877210648367e+04 3.209999999999999964e+00
1.808337664594907619e+04 3.049999999999999822e+00
1.808337497118055398e+04 3.959999999999999964e+00
1.808337495046296317e+04 3.600000000000000089e+00
1.808337441307870176e+04 3.290000000000000036e+00
1.808336565312500170e+04 3.270000000000000018e+00
1.808336249560185024e+04 3.129999999999999893e+00
1.808336218796296089e+04 3.350000000000000089e+00
1.808336105428240626e+04 3.319999999999999840e+00
1.808336091238425797e+04 3.089999999999999858e+00
1.808335889895833316e+04 3.069999999999999840e+00
1.808335622164351662e+04 4.559999999999999609e+00
1.808335496863425942e+04 3.229999999999999982e+00
1.808335316863425760e+04 3.589999999999999858e+00
1.808335199722222023e+04 3.529999999999999805e+00
1.808335198009259329e+04 3.270000000000000018e+00
1.808334085763888652e+04 3.620000000000000107e+00
1.808333403564814944e+04 3.240000000000000213e+00
1.808333059791666892e+04 3.549999999999999822e+00
1.808332970578703680e+04 3.870000000000000107e+00
1.808332806157407322e+04 3.729999999999999982e+00
1.808332791342592463e+04 3.240000000000000213e+00
1.808332656689815121e+04 3.430000000000000160e+00
1.808332641180555584e+04 3.209999999999999964e+00
1.808332569444444380e+04 3.049999999999999822e+00
1.808332396226851779e+04 3.330000000000000071e+00
1.808331693912037008e+04 3.439999999999999947e+00
1.808331684710648187e+04 3.100000000000000089e+00
1.808331596817129684e+04 3.209999999999999964e+00
1.808331591956018747e+04 3.089999999999999858e+00
1.808331336215277770e+04 3.620000000000000107e+00
1.808331167025462855e+04 3.020000000000000018e+00
1.808330869340277786e+04 3.000000000000000000e+00
1.808330281423611086e+04 3.750000000000000000e+00
1.808330238935185116e+04 3.339999999999999858e+00
1.808330111238425889e+04 3.089999999999999858e+00
1.808329857372685001e+04 3.220000000000000195e+00
1.808329538229166792e+04 3.560000000000000053e+00
1.808329493101851767e+04 3.879999999999999893e+00
1.808329470173611116e+04 3.009999999999999787e+00
1.808329392013889083e+04 3.459999999999999964e+00
1.808329166006944433e+04 3.459999999999999964e+00
1.808329013344907435e+04 3.240000000000000213e+00
1.808328913402777835e+04 3.250000000000000000e+00
1.808328707303240662e+04 3.109999999999999876e+00
1.808328692002315074e+04 3.399999999999999911e+00
1.808328641168981630e+04 3.770000000000000018e+00
1.808328514490740781e+04 3.390000000000000124e+00
1.808328436238426002e+04 3.319999999999999840e+00
1.808328276435185035e+04 3.569999999999999840e+00
1.808328273171296314e+04 3.240000000000000213e+00
1.808327864652777862e+04 3.899999999999999911e+00
1.808327780092592729e+04 3.029999999999999805e+00
1.808327469548611043e+04 3.089999999999999858e+00
1.808327415983796527e+04 4.049999999999999822e+00
1.808327231284722075e+04 3.089999999999999858e+00
1.808327216805555508e+04 3.549999999999999822e+00
1.808327163506944271e+04 3.310000000000000053e+00
1.808327153622685364e+04 3.720000000000000195e+00
1.808327141863426004e+04 3.129999999999999893e+00
1.808327136423610864e+04 3.310000000000000053e+00
1.808327010995370438e+04 3.299999999999999822e+00
1.808326867291666713e+04 3.419999999999999929e+00
1.808326827106481505e+04 3.060000000000000053e+00
1.808326368530092805e+04 3.140000000000000124e+00
1.808326303206018565e+04 3.450000000000000178e+00
1.808326263020833358e+04 3.549999999999999822e+00
1.808326204849536953e+04 3.450000000000000178e+00
1.808326112418981575e+04 3.209999999999999964e+00
1.808325990370370346e+04 3.330000000000000071e+00
1.808325929398148219e+04 3.020000000000000018e+00
1.808325893518518569e+04 4.269999999999999574e+00
1.808325634351851841e+04 3.020000000000000018e+00
1.808325532488425961e+04 3.370000000000000107e+00
1.808325496157407542e+04 3.529999999999999805e+00
1.808325484502314794e+04 3.020000000000000018e+00
1.808325317245370388e+04 3.459999999999999964e+00
1.808325264097222316e+04 3.189999999999999947e+00
1.808325173900463051e+04 3.200000000000000178e+00
1.808325129398148056e+04 4.629999999999999893e+00
1.808325123136574257e+04 3.089999999999999858e+00
1.808325066863426036e+04 3.500000000000000000e+00
1.808324981701388970e+04 3.569999999999999840e+00
1.808324914166666713e+04 3.450000000000000178e+00
1.808324881446759173e+04 4.150000000000000355e+00
1.808324450636573965e+04 3.620000000000000107e+00
1.808324432523148062e+04 3.390000000000000124e+00
1.808324323263888800e+04 3.020000000000000018e+00
1.808324302627314682e+04 3.029999999999999805e+00
1.808324035694444319e+04 3.049999999999999822e+00
1.808323988796296180e+04 3.080000000000000071e+00
1.808323908831018707e+04 3.350000000000000089e+00
1.808323899224536945e+04 3.439999999999999947e+00
1.808323845335648002e+04 3.339999999999999858e+00
1.808323736562500198e+04 3.779999999999999805e+00
1.808323722256944529e+04 3.660000000000000142e+00
1.808323717870370456e+04 3.560000000000000053e+00
1.808323629953703494e+04 3.259999999999999787e+00
1.808323621840277701e+04 3.129999999999999893e+00
1.808323620960648259e+04 3.270000000000000018e+00
1.808323558217592654e+04 3.439999999999999947e+00
1.808323437997685323e+04 3.319999999999999840e+00
1.808323203831018327e+04 3.029999999999999805e+00
1.808323140810185214e+04 3.379999999999999893e+00
1.808323124930555787e+04 3.609999999999999876e+00
1.808323105416666658e+04 3.140000000000000124e+00
1.808323089282407454e+04 3.270000000000000018e+00
1.808323076284722265e+04 3.100000000000000089e+00
1.808323051597222002e+04 3.390000000000000124e+00
1.808322967233796226e+04 3.089999999999999858e+00
1.808322893935185130e+04 3.040000000000000036e+00
1.808322880381944560e+04 3.000000000000000000e+00
1.808322855636573877e+04 3.169999999999999929e+00
1.808322827708333352e+04 3.479999999999999982e+00
1.808322823171296477e+04 3.160000000000000142e+00
1.808322783657407490e+04 3.040000000000000036e+00
1.808322740879629418e+04 3.069999999999999840e+00
1.808322714143518533e+04 3.439999999999999947e+00
1.808322700231481576e+04 3.450000000000000178e+00
1.808322645821759215e+04 3.299999999999999822e+00
1.808322617881944461e+04 3.319999999999999840e+00
1.808322611932870495e+04 3.500000000000000000e+00
1.808322575081018294e+04 4.290000000000000036e+00
1.808322488229166629e+04 3.049999999999999822e+00
1.808322422222222303e+04 3.160000000000000142e+00
1.808322400949074290e+04 3.060000000000000053e+00
1.808322304537037053e+04 3.259999999999999787e+00
1.808322294328703720e+04 3.060000000000000053e+00
1.808322196006944432e+04 3.060000000000000053e+00
1.808322118414351644e+04 3.069999999999999840e+00
1.808321968136574287e+04 3.169999999999999929e+00
1.808321950555555668e+04 3.319999999999999840e+00
1.808321918101851770e+04 3.520000000000000018e+00
1.808321871388889122e+04 3.379999999999999893e+00
1.808321795706018383e+04 3.209999999999999964e+00
1.808321753460648324e+04 3.970000000000000195e+00
1.808321538495370260e+04 3.509999999999999787e+00
1.808321527303240509e+04 3.109999999999999876e+00
1.808321495127314847e+04 3.439999999999999947e+00
1.808321438159722311e+04 3.000000000000000000e+00
1.808321401921296274e+04 3.669999999999999929e+00
1.808321314849537157e+04 3.270000000000000018e+00
1.808321173449073831e+04 3.109999999999999876e+00
1.808321138171296479e+04 3.609999999999999876e+00
1.808321133935185208e+04 3.629999999999999893e+00
1.808321084201389021e+04 3.439999999999999947e+00
1.808321049976852009e+04 3.509999999999999787e+00
1.808320964155092588e+04 3.000000000000000000e+00
1.808320883807870268e+04 3.089999999999999858e+00
1.808320866956018290e+04 3.240000000000000213e+00
1.808320736909722109e+04 4.030000000000000249e+00
1.808320708379629650e+04 3.450000000000000178e+00
1.808320655810185053e+04 3.259999999999999787e+00
1.808320558125000025e+04 3.220000000000000195e+00
1.808320540543981406e+04 3.040000000000000036e+00
1.808320512430555391e+04 3.140000000000000124e+00
1.808320511446759338e+04 3.000000000000000000e+00
1.808320399699073823e+04 3.660000000000000142e+00
1.808320395821759303e+04 3.979999999999999982e+00
1.808320351805555765e+04 3.540000000000000036e+00
1.808320330127314810e+04 3.399999999999999911e+00
1.808320298275462847e+04 4.469999999999999751e+00
1.808320282418981515e+04 3.540000000000000036e+00
1.808320265127314633e+04 3.040000000000000036e+00
1.808320187754629660e+04 3.450000000000000178e+00
1.808320166076389069e+04 3.410000000000000142e+00
1.808320157546296105e+04 3.720000000000000195e+00
1.808320152638888976e+04 3.509999999999999787e+00
1.808320143634259148e+04 3.680000000000000160e+00
1.808320118692129472e+04 3.709999999999999964e+00
1.808320072152777720e+04 3.049999999999999822e+00
1.808320056550925801e+04 3.120000000000000107e+00
1.808319973553240925e+04 3.160000000000000142e+00
1.808319966354166900e+04 3.049999999999999822e+00
1.808319839027777925e+04 3.330000000000000071e+00
1.808319833877314886e+04 3.560000000000000053e+00
1.808319765821759211e+04 3.140000000000000124e+00
1.808319759710648214e+04 3.330000000000000071e+00
1.808319732858796488e+04 3.029999999999999805e+00
1.808319679293981608e+04 3.140000000000000124e+00
1.808319646284722330e+04 3.359999999999999876e+00
1.808319570844907503e+04 3.450000000000000178e+00
1.808319517418981559e+04 3.609999999999999876e+00
1.808319490289351597e+04 3.390000000000000124e+00
1.808319462939814912e+04 4.240000000000000213e+00
1.808319455659722371e+04 3.419999999999999929e+00
1.808319428263888767e+04 3.399999999999999911e+00
1.808319425844907528e+04 3.419999999999999929e+00
1.808319386620370278e+04 3.149999999999999911e+00
1.808319334062500275e+04 3.020000000000000018e+00
1.808319315520833334e+04 3.589999999999999858e+00
1.808319286620370622e+04 3.270000000000000018e+00
1.808319272592592461e+04 3.220000000000000195e+00
1.808319251817129407e+04 4.330000000000000071e+00
1.808319230682870329e+04 4.849999999999999645e+00
1.808319224803240650e+04 3.799999999999999822e+00
1.808319201956018514e+04 3.169999999999999929e+00
1.808319119722222240e+04 3.790000000000000036e+00
1.808319115625000268e+04 3.209999999999999964e+00
1.808319072129629421e+04 3.180000000000000160e+00
1.808319055937499797e+04 3.129999999999999893e+00
1.808319040682870400e+04 3.529999999999999805e+00
1.808319029861110903e+04 3.220000000000000195e+00
1.808319016273148009e+04 3.609999999999999876e+00
1.808319004803240750e+04 3.049999999999999822e+00
1.808318986585648236e+04 3.339999999999999858e+00
1.808318903773148122e+04 3.169999999999999929e+00
1.808318868495370407e+04 3.279999999999999805e+00
1.808318863657407564e+04 3.410000000000000142e+00
1.808318841967592743e+04 3.750000000000000000e+00
1.808318825520833343e+04 3.540000000000000036e+00
1.808318804189814909e+04 3.490000000000000213e+00
1.808318800972222016e+04 3.040000000000000036e+00
1.808318760659722102e+04 3.000000000000000000e+00
1.808318753969907630e+04 3.229999999999999982e+00
1.808318705324074108e+04 3.080000000000000071e+00
1.808318683101852002e+04 3.600000000000000089e+00
1.808318655671296438e+04 3.160000000000000142e+00
1.808318621828703544e+04 3.509999999999999787e+00
1.808318553634259297e+04 3.589999999999999858e+00
1.808318515381944235e+04 3.229999999999999982e+00
1.808318383472222195e+04 3.669999999999999929e+00
1.808318380405092830e+04 3.649999999999999911e+00
1.808318350624999948e+04 3.259999999999999787e+00
1.808318324745370410e+04 3.089999999999999858e+00
1.808318298414351739e+04 3.339999999999999858e+00
1.808318298043981486e+04 3.370000000000000107e+00
1.808318239699073820e+04 3.089999999999999858e+00
1.808318213194444616e+04 3.640000000000000124e+00
1.808318187222222332e+04 3.620000000000000107e+00
1.808318166458333144e+04 4.169999999999999929e+00
1.808318125254629558e+04 3.529999999999999805e+00
1.808318109849536995e+04 3.600000000000000089e+00
1.808318088194444499e+04 3.680000000000000160e+00
1.808318081180555600e+04 3.359999999999999876e+00
1.808318062708333309e+04 3.529999999999999805e+00
1.808318050937500084e+04 4.009999999999999787e+00
1.808318049699074254e+04 3.830000000000000071e+00
1.808318033368055330e+04 3.370000000000000107e+00
1.808318004027777715e+04 4.290000000000000036e+00
1.808317981238426000e+04 5.440000000000000391e+00
1.808317958368055406e+04 3.629999999999999893e+00
1.808317954398148140e+04 3.160000000000000142e+00
1.808317925856481452e+04 3.390000000000000124e+00
1.808317834259259325e+04 3.580000000000000071e+00
1.808317819629629594e+04 3.140000000000000124e+00
1.808317797719907321e+04 3.520000000000000018e+00
1.808317780069444416e+04 3.129999999999999893e+00
1.808317707407407579e+04 3.040000000000000036e+00
1.808317702881944570e+04 3.020000000000000018e+00
1.808317675173611133e+04 3.740000000000000213e+00
1.808317662164351714e+04 3.839999999999999858e+00
1.808317633240740543e+04 3.430000000000000160e+00
1.808317604849537020e+04 3.520000000000000018e+00
1.808317577627314677e+04 4.799999999999999822e+00
1.808317576539352012e+04 3.629999999999999893e+00
1.808317551122685109e+04 3.569999999999999840e+00
1.808317521817129455e+04 3.870000000000000107e+00
1.808317516018518290e+04 3.859999999999999876e+00
1.808317502951388815e+04 3.089999999999999858e+00
1.808317492986111029e+04 3.080000000000000071e+00
1.808317457500000091e+04 3.250000000000000000e+00
1.808317440879629794e+04 3.490000000000000213e+00
1.808317433194444311e+04 3.830000000000000071e+00
1.808317428344907239e+04 3.569999999999999840e+00
1.808317421620370442e+04 3.399999999999999911e+00
1.808317417893518359e+04 3.689999999999999947e+00
1.808317404537037146e+04 3.450000000000000178e+00
1.808317368622685171e+04 3.259999999999999787e+00
1.808317367719907270e+04 3.379999999999999893e+00
1.808317349756944532e+04 3.450000000000000178e+00
1.808317327638888673e+04 3.370000000000000107e+00
1.808317286759259150e+04 3.000000000000000000e+00
1.808317274861111218e+04 3.439999999999999947e+00
1.808317263657407238e+04 3.410000000000000142e+00
1.808317231215277934e+04 3.129999999999999893e+00
1.808317213668981276e+04 3.029999999999999805e+00
1.808317194537036994e+04 3.620000000000000107e+00
1.808317171064814829e+04 3.740000000000000213e+00
1.808317158067129640e+04 4.679999999999999716e+00
1.808317141284722311e+04 3.180000000000000160e+00
1.808317120324074131e+04 3.209999999999999964e+00
1.808317100208333068e+04 3.790000000000000036e+00
1.808317095277777844e+04 3.129999999999999893e+00
1.808317071643518648e+04 3.899999999999999911e+00
1.808317060925926125e+04 3.049999999999999822e+00
1.808317045972222331e+04 3.549999999999999822e+00
1.808317006053240766e+04 3.080000000000000071e+00
1.808316954895833260e+04 3.109999999999999876e+00
1.808316882129629812e+04 3.109999999999999876e+00
1.808316874502314749e+04 3.479999999999999982e+00
1.808316855081018366e+04 3.279999999999999805e+00
1.808316822615740602e+04 3.000000000000000000e+00
1.808316742604166575e+04 3.240000000000000213e+00
1.808316734398148037e+04 3.200000000000000178e+00
1.808316720358796374e+04 3.009999999999999787e+00
1.808316708368055697e+04 3.200000000000000178e+00
1.808316678993055757e+04 3.040000000000000036e+00
1.808316653483796108e+04 3.529999999999999805e+00
1.808316624999999840e+04 3.470000000000000195e+00
1.808316608923611057e+04 3.029999999999999805e+00
1.808316594618055387e+04 3.390000000000000124e+00
1.808316593750000175e+04 3.149999999999999911e+00
1.808316582511573870e+04 3.220000000000000195e+00
1.808316557060185005e+04 3.490000000000000213e+00
1.808316540856481515e+04 3.439999999999999947e+00
1.808316517245370414e+04 4.309999999999999609e+00
1.808316502280092755e+04 3.589999999999999858e+00
1.808316472592592618e+04 3.009999999999999787e+00
1.808316440972222335e+04 3.240000000000000213e+00
1.808316427685185045e+04 3.529999999999999805e+00
1.808316417916666614e+04 3.089999999999999858e+00
1.808316401030092675e+04 3.350000000000000089e+00
1.808316392071759401e+04 3.069999999999999840e+00
1.808316390787037017e+04 3.479999999999999982e+00
1.808316375196759327e+04 3.149999999999999911e+00
1.808316342615740723e+04 4.059999999999999609e+00
1.808316323738425854e+04 3.140000000000000124e+00
1.808316304212962859e+04 3.500000000000000000e+00
1.808316267662036989e+04 3.370000000000000107e+00
1.808316261446759381e+04 3.240000000000000213e+00
1.808316247662037131e+04 3.669999999999999929e+00
1.808316227256944330e+04 3.270000000000000018e+00
1.808316227187500044e+04 3.680000000000000160e+00
1.808316204745370487e+04 3.470000000000000195e+00
1.808316179791666582e+04 3.689999999999999947e+00
1.808316174583333122e+04 3.600000000000000089e+00
1.808316138842592773e+04 3.350000000000000089e+00
1.808316115428240664e+04 3.569999999999999840e+00
1.808316103946759176e+04 3.080000000000000071e+00
1.808316095092592514e+04 3.229999999999999982e+00
1.808316086574074143e+04 3.439999999999999947e+00
1.808316065196759155e+04 3.759999999999999787e+00
1.808316041331018641e+04 4.969999999999999751e+00
1.808316029340277601e+04 3.790000000000000036e+00
1.808316011574074219e+04 3.450000000000000178e+00
1.808315985034722326e+04 3.790000000000000036e+00
1.808315977708333230e+04 3.669999999999999929e+00
1.808315963449074115e+04 3.830000000000000071e+00
1.808315931689814897e+04 3.779999999999999805e+00
1.808315900162036996e+04 3.680000000000000160e+00
1.808315896087963119e+04 3.529999999999999805e+00
1.808315875300925836e+04 3.549999999999999822e+00
1.808315861874999973e+04 3.979999999999999982e+00
1.808315850173611034e+04 3.799999999999999822e+00
1.808315825717592816e+04 5.500000000000000000e+00
1.808315774004629566e+04 3.319999999999999840e+00
1.808315763981481359e+04 3.569999999999999840e+00
1.808315760567129837e+04 3.339999999999999858e+00
1.808315739004629722e+04 3.720000000000000195e+00
1.808315725543981171e+04 4.259999999999999787e+00
1.808315716921296553e+04 3.160000000000000142e+00
1.808315688460648016e+04 3.520000000000000018e+00
1.808315658935185274e+04 3.459999999999999964e+00
1.808315640289351722e+04 3.490000000000000213e+00
1.808315635428240785e+04 3.470000000000000195e+00
1.808315613599537028e+04 3.290000000000000036e+00
1.808315576006944684e+04 3.959999999999999964e+00
1.808315568032407464e+04 3.600000000000000089e+00
1.808315557407407323e+04 3.859999999999999876e+00
1.808315523692129500e+04 3.149999999999999911e+00
1.808315496574074132e+04 3.850000000000000089e+00
1.808315477465277581e+04 3.859999999999999876e+00
1.808315469629629661e+04 3.569999999999999840e+00
1.808315460532407451e+04 3.459999999999999964e+00
1.808315446342592622e+04 3.299999999999999822e+00
1.808315427870370331e+04 3.569999999999999840e+00
1.808315421770833564e+04 3.200000000000000178e+00
1.808315400995370510e+04 3.459999999999999964e+00
1.808315391956018721e+04 3.979999999999999982e+00
1.808315379004629722e+04 3.180000000000000160e+00
1.808315363553240604e+04 3.140000000000000124e+00
1.808315337303240813e+04 3.490000000000000213e+00
1.808315327650462859e+04 3.359999999999999876e+00
1.808315315439814731e+04 3.419999999999999929e+00
1.808315282569444389e+04 3.649999999999999911e+00
1.808315256099537146e+04 3.240000000000000213e+00
1.808315247812499729e+04 3.740000000000000213e+00
1.808315225324073981e+04 3.839999999999999858e+00
1.808315211481481674e+04 3.689999999999999947e+00
1.808315203819444287e+04 3.450000000000000178e+00
1.808315186342592642e+04 3.259999999999999787e+00
1.808315165428240653e+04 3.790000000000000036e+00
1.808315121423611345e+04 3.470000000000000195e+00
1.808315098692129686e+04 3.529999999999999805e+00
1.808315075416666878e+04 3.629999999999999893e+00
1.808315063495370123e+04 3.220000000000000195e+00
1.808315032962962869e+04 3.850000000000000089e+00
1.808315019050925912e+04 4.349999999999999645e+00
1.808314998159722381e+04 3.490000000000000213e+00
1.808314988217592690e+04 3.350000000000000089e+00
1.808314982326388781e+04 3.390000000000000124e+00
1.808314966041666776e+04 3.669999999999999929e+00
1.808314958784722330e+04 3.419999999999999929e+00
1.808314936828703867e+04 4.089999999999999858e+00
1.808314925902777759e+04 3.520000000000000018e+00
1.808314910694444188e+04 3.740000000000000213e+00
1.808314903518518622e+04 3.290000000000000036e+00
1.808314892592592514e+04 3.430000000000000160e+00
1.808314886030092384e+04 3.629999999999999893e+00
1.808314873495370557e+04 4.019999999999999574e+00
1.808314856412037261e+04 3.509999999999999787e+00
1.808314848148147939e+04 3.189999999999999947e+00
1.808314837326388806e+04 4.009999999999999787e+00
1.808314836921296228e+04 3.799999999999999822e+00
1.808314815046296280e+04 4.080000000000000071e+00
1.808314803067129469e+04 4.129999999999999893e+00
1.808314795902777769e+04 3.899999999999999911e+00
1.808314776226851973e+04 4.169999999999999929e+00
1.808314756296296400e+04 3.680000000000000160e+00
1.808314751898148097e+04 3.609999999999999876e+00
1.808314737766203689e+04 3.319999999999999840e+00
1.808314720219907394e+04 3.859999999999999876e+00
1.808314709212962771e+04 3.970000000000000195e+00
1.808314691805555412e+04 3.450000000000000178e+00
1.808314681180555635e+04 3.620000000000000107e+00
1.808314664791666655e+04 3.549999999999999822e+00
1.808314652395833400e+04 3.899999999999999911e+00
1.808314633113425953e+04 3.529999999999999805e+00
1.808314612326388669e+04 4.490000000000000213e+00
1.808314584155092598e+04 3.560000000000000053e+00
1.808314571805555534e+04 3.569999999999999840e+00
1.808314568437500202e+04 3.569999999999999840e+00
1.808314551018518250e+04 4.509999999999999787e+00
1.808314547268518436e+04 4.070000000000000284e+00
1.808314532245370356e+04 4.009999999999999787e+00
1.808314525798611066e+04 4.019999999999999574e+00
1.808314498321759311e+04 4.190000000000000391e+00
1.808314473564814762e+04 3.979999999999999982e+00
1.808314458726851808e+04 4.089999999999999858e+00
1.808314445289351715e+04 4.089999999999999858e+00
1.808314416967592479e+04 4.030000000000000249e+00
1.808314404340277542e+04 3.919999999999999929e+00
1.808314396319444495e+04 3.910000000000000142e+00
1.808314388159722148e+04 4.570000000000000284e+00
1.808314383113426084e+04 4.500000000000000000e+00
1.808314380289351902e+04 3.839999999999999858e+00
1.808314365729166821e+04 4.089999999999999858e+00
1.808314352418981434e+04 3.569999999999999840e+00
1.808314337592592710e+04 3.759999999999999787e+00
1.808314310196759106e+04 4.019999999999999574e+00
1.808314293472222198e+04 3.979999999999999982e+00
1.808314285081018534e+04 3.669999999999999929e+00
1.808314268483796332e+04 4.610000000000000320e+00
1.808314258935185353e+04 3.910000000000000142e+00
1.808314232465277746e+04 3.919999999999999929e+00
1.808314205462962855e+04 4.070000000000000284e+00
1.808314192557870410e+04 4.190000000000000391e+00
1.808314184259259491e+04 3.520000000000000018e+00
1.808314175405092465e+04 3.910000000000000142e+00
1.808314155925926025e+04 4.839999999999999858e+00
1.808314137395833313e+04 4.219999999999999751e+00
1.808314131435185118e+04 4.000000000000000000e+00
1.808314120219907272e+04 4.519999999999999574e+00
1.808314105983796253e+04 3.779999999999999805e+00
1.808314083680555632e+04 4.639999999999999680e+00
1.808314069016203939e+04 4.730000000000000426e+00
1.808314059212963184e+04 4.459999999999999964e+00
1.808314047569444301e+04 4.549999999999999822e+00
1.808314031886573866e+04 4.639999999999999680e+00
1.808313995266203710e+04 4.240000000000000213e+00
1.808313980543981597e+04 4.150000000000000355e+00
1.808313969965277647e+04 4.330000000000000071e+00
1.808313936504629601e+04 4.809999999999999609e+00
1.808313930648148016e+04 4.330000000000000071e+00
1.808313880833333315e+04 7.099999999999999645e+00
1.808313696180555417e+04 4.139999999999999680e+00
1.808313648703703802e+04 4.969999999999999751e+00
1.808303571412037127e+04 3.669999999999999929e+00
1.808300905925926054e+04 3.500000000000000000e+00
1.808294332615740859e+04 3.069999999999999840e+00
1.808274995636574022e+04 3.410000000000000142e+00
1.808271014479166479e+04 3.839999999999999858e+00
1.808265698912036896e+04 3.000000000000000000e+00
1.808261080381944339e+04 3.939999999999999947e+00
1.808253825034722104e+04 3.649999999999999911e+00
1.808252715370370424e+04 3.109999999999999876e+00
1.808252673634259190e+04 4.089999999999999858e+00
1.808251664259259269e+04 3.350000000000000089e+00
1.808248337870370597e+04 3.189999999999999947e+00
1.808247864409722024e+04 3.029999999999999805e+00
1.808246538587963005e+04 3.029999999999999805e+00
1.808246435405092780e+04 3.750000000000000000e+00
1.808246380833333387e+04 5.370000000000000107e+00
1.808245808935185414e+04 3.540000000000000036e+00
1.808242817696759448e+04 3.100000000000000089e+00
1.808240728101851710e+04 3.620000000000000107e+00
1.808237086203703802e+04 3.479999999999999982e+00
1.808234797199074092e+04 3.470000000000000195e+00
1.808231890601851774e+04 3.459999999999999964e+00
1.808231084618055320e+04 3.720000000000000195e+00
1.808229331435184940e+04 3.229999999999999982e+00
1.808227827141203670e+04 3.220000000000000195e+00
1.808225651747684969e+04 3.649999999999999911e+00
1.808222112708333589e+04 3.450000000000000178e+00
1.808221571064814998e+04 3.200000000000000178e+00
1.808217691319444566e+04 3.560000000000000053e+00
1.808217475196759187e+04 3.529999999999999805e+00
1.808215757418981593e+04 3.140000000000000124e+00
1.808213881446759115e+04 3.410000000000000142e+00
1.808213563310185418e+04 3.240000000000000213e+00
1.808209701261574082e+04 3.259999999999999787e+00
1.808208702754629849e+04 3.399999999999999911e+00
1.808208471076388741e+04 3.979999999999999982e+00
1.808208450405092663e+04 3.250000000000000000e+00
1.808205432199074130e+04 3.209999999999999964e+00
1.808204784085648134e+04 3.109999999999999876e+00
1.808203170671296175e+04 3.850000000000000089e+00
1.808202229942129634e+04 4.019999999999999574e+00
1.808201251631944615e+04 4.040000000000000036e+00
1.808199625451389147e+04 3.390000000000000124e+00
1.808198789155092527e+04 3.720000000000000195e+00
1.808198197199074275e+04 4.040000000000000036e+00
1.808198195173611384e+04 3.819999999999999840e+00
1.808196741909722186e+04 3.040000000000000036e+00
1.808196713425925918e+04 3.529999999999999805e+00
1.808194608541666457e+04 3.229999999999999982e+00
1.808192509583333231e+04 4.429999999999999716e+00
1.808192039664351978e+04 3.560000000000000053e+00
1.808191846134259322e+04 3.439999999999999947e+00
1.808190768946759272e+04 3.250000000000000000e+00
1.808190316458333473e+04 3.439999999999999947e+00
1.808189831423611031e+04 3.149999999999999911e+00
1.808187703495370442e+04 3.470000000000000195e+00
1.808187181793981290e+04 3.399999999999999911e+00
1.808186489247685313e+04 3.100000000000000089e+00
1.808184942048611265e+04 3.430000000000000160e+00
1.808184556516203520e+04 3.089999999999999858e+00
1.808184363819444479e+04 3.990000000000000213e+00
1.808183759548611124e+04 3.390000000000000124e+00
1.808183085520833629e+04 3.270000000000000018e+00
1.808183056134259095e+04 4.160000000000000142e+00
1.808182727986111058e+04 3.350000000000000089e+00
1.808182575208333219e+04 3.259999999999999787e+00
1.808180662141203720e+04 4.500000000000000000e+00
1.808180414513888900e+04 3.259999999999999787e+00
1.808180207743055507e+04 3.000000000000000000e+00
1.808179884050925830e+04 3.290000000000000036e+00
1.808179248611110961e+04 3.029999999999999805e+00
1.808179182870370278e+04 3.140000000000000124e+00
1.808179177858796538e+04 3.220000000000000195e+00
1.808178976400462852e+04 3.220000000000000195e+00
1.808178914386573888e+04 4.209999999999999964e+00
1.808178896319444539e+04 4.580000000000000071e+00
1.808178851481481615e+04 3.029999999999999805e+00
1.808178766192129478e+04 4.070000000000000284e+00
1.808178712581018772e+04 3.359999999999999876e+00
1.808178684421296202e+04 3.080000000000000071e+00
1.808178490636574134e+04 3.700000000000000178e+00
1.808178332372685327e+04 3.220000000000000195e+00
1.808178315173611190e+04 3.330000000000000071e+00
1.808178290046296024e+04 4.019999999999999574e+00
1.808178271516203677e+04 4.339999999999999858e+00
1.808178084490740730e+04 3.089999999999999858e+00
1.808177863738425731e+04 3.069999999999999840e+00
1.808177843449074135e+04 3.049999999999999822e+00
1.808177759768518445e+04 4.589999999999999858e+00
1.808176994953703979e+04 3.750000000000000000e+00
1.808176943796296473e+04 4.230000000000000426e+00
1.808176905983796314e+04 3.290000000000000036e+00
1.808176809895833503e+04 3.129999999999999893e+00
1.808176302916666828e+04 3.379999999999999893e+00
1.808176056504629378e+04 3.229999999999999982e+00
1.808175962268518560e+04 3.500000000000000000e+00
1.808175893599537085e+04 3.439999999999999947e+00
1.808175732303240875e+04 3.459999999999999964e+00
1.808175607719907202e+04 3.549999999999999822e+00
1.808175593935185316e+04 3.379999999999999893e+00
1.808175509594907271e+04 3.020000000000000018e+00
1.808175498738426177e+04 3.490000000000000213e+00
1.808175496840277629e+04 3.509999999999999787e+00
1.808175435312499758e+04 3.790000000000000036e+00
1.808175105590277963e+04 3.419999999999999929e+00
1.808175096307870263e+04 3.529999999999999805e+00
1.808174864166666885e+04 3.330000000000000071e+00
1.808174428993055699e+04 3.459999999999999964e+00
1.808174184814814726e+04 3.109999999999999876e+00
1.808174170324074294e+04 3.270000000000000018e+00
1.808174160844907601e+04 3.399999999999999911e+00
1.808174144641203748e+04 3.109999999999999876e+00
1.808174117835648212e+04 3.500000000000000000e+00
1.808174085601851766e+04 3.069999999999999840e+00
1.808173991469907560e+04 3.209999999999999964e+00
1.808173986053240878e+04 3.029999999999999805e+00
1.808173965023148048e+04 3.029999999999999805e+00
1.808173926874999961e+04 3.859999999999999876e+00
1.808173876412037134e+04 3.209999999999999964e+00
1.808173853703703571e+04 3.500000000000000000e+00
1.808173812650463151e+04 3.220000000000000195e+00
1.808173775370370640e+04 3.200000000000000178e+00
1.808173730995370352e+04 3.220000000000000195e+00
1.808173704687499776e+04 3.299999999999999822e+00
1.808173670972222317e+04 3.129999999999999893e+00
1.808173664513889162e+04 3.419999999999999929e+00
1.808173651504629743e+04 3.540000000000000036e+00
1.808173632557870224e+04 4.129999999999999893e+00
1.808173613715277679e+04 3.799999999999999822e+00
1.808173601550926105e+04 3.109999999999999876e+00
1.808173582592592356e+04 3.689999999999999947e+00
1.808173580219907308e+04 3.109999999999999876e+00
1.808173547592592513e+04 3.250000000000000000e+00
1.808173538495370303e+04 3.430000000000000160e+00
1.808173527499999909e+04 3.500000000000000000e+00
1.808173497048611171e+04 3.729999999999999982e+00
1.808173467013888876e+04 3.859999999999999876e+00
1.808173456388888735e+04 3.240000000000000213e+00
1.808173432453703936e+04 4.009999999999999787e+00
1.808173419965277571e+04 3.970000000000000195e+00
1.808173404097222374e+04 3.660000000000000142e+00
1.808173401562499930e+04 3.410000000000000142e+00
1.808173338379629422e+04 3.939999999999999947e+00
1.808173324270833473e+04 4.280000000000000249e+00
1.808173317523148216e+04 3.629999999999999893e+00
1.808173284062500170e+04 3.930000000000000160e+00
1.808173265821759196e+04 4.490000000000000213e+00
1.808173181712962833e+04 6.400000000000000355e+00
1.808171036273147911e+04 3.979999999999999982e+00
